00000000000000000000000000000000
00000000000000000000000000000000
00000000000000000000000000000000
00000000000000000000000000000000
00000033333300000000000000000000
00000311111130000000000000000000
00000311111130000000333333000000
00000311111130000003212222300000
00000311111133333333122222300000
00000311111111111111212222300000
00000311111111111112122222300000
00000311111111111111212222300000
00000311111113311113322222300000
00000311111113011113012222300000
00000311111113311113322222300000
00000311111111111111212222300000
00000311111111111112122222300000
00000311111111111111212222300000
00000311111111113333122222300000
00000311111111111111212222300000
00000311111111111112122222300000
00000311111111111111212222300000
00000311111111111112122222300000
00000311111111111111212222300000
00000031111111111112122223000000
00000003333333333333333330000000
00000000000000000000000000000000
00000000000000000000000000000000
00000000000000000000000000000000
00000000000000000000000000000000
00000000000000000000000000000000
00000000000000000000000000000000
